-0.6	0.9601035127273243	0.9505134732587288	2.181489097963397	2.191079189694111	0.7753283226184048	3.937267644444333	5.507857007315517	2.345917678328774
-0.588	0.960117043841439	0.9504998620578132	2.181475596412919	2.191092796214837	0.7753001113226669	3.937296966193092	5.507885149293836	2.345888323762297
-0.576	0.9601306011538355	0.9504861885951796	2.181462083884951	2.191106424869644	0.7752717990718414	3.937326583796318	5.507913536105752	2.345858796144606
-0.5639999999999999	0.9601443061894743	0.9504724109526218	2.181448363747789	2.191120165966305	0.7752432650862884	3.9373561860301	5.507942003226546	2.345829089356609
-0.552	0.9601580049722378	0.9504586141724207	2.18143463249509	2.191134079459172	0.7752146406487965	3.937386045916666	5.507970656295223	2.345799236889237
-0.54	0.9601718368752943	0.9504446859765416	2.181420814098717	2.191147984967478	0.7751858247478378	3.937416048084978	5.507999466458674	2.345769231499104
-0.528	0.9601856737769678	0.9504306966578502	2.181406894871407	2.19116199950035	0.7751568968044931	3.937446287983497	5.508028456064523	2.345738981626168
-0.516	0.9601997124204598	0.950416608320952	2.181392959452189	2.191176014955536	0.7751276887797541	3.937476665792432	5.508057611076474	2.345708616955358
-0.504	0.9602137652318946	0.9504025036426811	2.181378860332402	2.191190187491356	0.775098390993193	3.937507182774711	5.508086926521838	2.345678114558618
-0.4919999999999999	0.9602278873769468	0.9503881923583244	2.18136476948457	2.191204389626346	0.7750688691372882	3.937537917559785	5.508116377604037	2.345647323151757
-0.48	0.9602420944373243	0.9503739242548781	2.181350527101569	2.191218742301063	0.7750392578830669	3.937568893861058	5.508146056961636	2.345616423149398
-0.468	0.9602563995678881	0.9503595306997086	2.181336257618932	2.191233130425038	0.7750094176593583	3.93759998257969	5.508175890638652	2.345585325479489
-0.456	0.9602708086700185	0.950345012450946	2.181321862175038	2.191247620438229	0.7749794329270546	3.937631221669492	5.508205821522884	2.345554023657756
-0.444	0.9602852501443495	0.9503304498094471	2.181307415105981	2.191262166263609	0.7749492637839688	3.93766276743774	5.508236032227057	2.345522592428899
-0.432	0.9602998472260622	0.9503157767111476	2.181292820970476	2.191276860430349	0.774918908235505	3.937694379516618	5.508266353494539	2.345490921630429
-0.42	0.9603146126268215	0.9503011514911197	2.181278129252975	2.191291578820048	0.7748885281345754	3.937726253672393	5.508297017534534	2.345459329308586
-0.408	0.9603291704066219	0.9502862271223877	2.181263544117173	2.191306377622365	0.7748576712148006	3.937758264748696	5.508327557568718	2.345427015832709
-0.396	0.960343950622222	0.9502713065684409	2.181248684349919	2.191321320665054	0.7748268485897021	3.937790477503967	5.50835846666401	2.345394826383229
-0.384	0.9603588832502425	0.9502562985238314	2.181233761672634	2.191336363722001	0.7747957661110594	3.937822878849349	5.508389530449787	2.345362426611831
-0.372	0.960373900193397	0.9502412046914244	2.181218782294299	2.191351425901927	0.7747645238232316	3.937855508327886	5.508420763874406	2.34532979984996
-0.36	0.9603889334334794	0.9502260051859595	2.181203667687572	2.191366635462047	0.7747331375038375	3.937888299509983	5.508452201023159	2.345297028869865
-0.348	0.9604040643999274	0.9502107575990659	2.181188536846145	2.191381934389766	0.7747015096312109	3.937921281491547	5.508483817523082	2.345263958361193
-0.336	0.9604193625083737	0.9501953510722405	2.181173288182523	2.191397277079945	0.7746696709219123	3.937954479496219	5.508515546444029	2.345230765799242
-0.324	0.960434718541004	0.9501799322185474	2.1811578956474	2.19141275819451	0.7746377315661379	3.937987943345847	5.508547592529956	2.345197402652261
-0.312	0.9604501847648893	0.9501644248818393	2.18114244193901	2.191428289706754	0.7746055303009146	3.938021498478739	5.508579775425407	2.34516372876637
-0.3	0.9604657362632293	0.9501486852376007	2.181126934366643	2.191443950899037	0.7745731540404667	3.938055355021159	5.508612162880386	2.345129964261587
-0.288	0.9604813666591924	0.9501329665920311	2.181111280762708	2.191459701127689	0.7745406108815514	3.938089402079958	5.50864470667375	2.345095931473962
-0.276	0.9604970997910239	0.950117105720667	2.181095570337222	2.191475543460425	0.7745078390373459	3.938123609087724	5.508677454017598	2.345061666193327
-0.264	0.9605129035091401	0.9501011827564674	2.181079756144842	2.191491465746707	0.7744748561804282	3.938158085700377	5.508710445547274	2.345027248821798
-0.252	0.9605288444630702	0.9500851355261938	2.181063834991924	2.191507502456814	0.7744416539143932	3.938192720865794	5.508743556150781	2.344992560562652
-0.24	0.9605448540828774	0.9500689800705961	2.181047803484589	2.191523665824072	0.7744083300117519	3.938227595516137	5.508776961804079	2.34495769831062
-0.228	0.9605609798743988	0.9500527677071589	2.181031660678949	2.191539898909581	0.7743748087705179	3.938262721114154	5.508810558062807	2.344922625829088
-0.216	0.9605771727950855	0.9500364237736534	2.181015471533982	2.191556269447152	0.7743410314918788	3.938298018788743	5.50884430928398	2.344887263102595
-0.204	0.9605934819984605	0.9500199895065989	2.180999133030239	2.191572699857836	0.7743070593087142	3.93833355009929	5.508878268072009	2.344851733309025
-0.192	0.9606098760859901	0.9500034533587098	2.180982790119734	2.191589204728928	0.7742728036597477	3.938369337326505	5.508912518915276	2.344815953153151
-0.18	0.9606264426928421	0.9499868065132888	2.180966224037967	2.191605844379762	0.7742384366849555	3.938405312280013	5.508946872506719	2.344779983082114
-0.168	0.9606430677815812	0.9499700732442274	2.18094956428943	2.191622596013112	0.7742038268790428	3.938441501542474	5.508981510868891	2.344743790347785
-0.156	0.960659819908111	0.9499531695607287	2.180932830558735	2.1916394696994	0.7741689720724589	3.938478001839207	5.509016305010744	2.344707376254255
-0.144	0.9606766352471152	0.9499362318945679	2.180916047362588	2.191656414661053	0.7741339102470013	3.938514652769212	5.509051363621817	2.344670647635953
-0.132	0.9606935678195766	0.9499191740490498	2.180899081575985	2.19167349287917	0.7740986631195597	3.93855154974837	5.509086643530359	2.344633711997953
-0.12	0.9607105776655123	0.9499020126948808	2.180882029552635	2.191690677365436	0.7740631642708733	3.938588670026165	5.509122137365532	2.344596567204595
-0.108	0.9607277553998494	0.9498847051905961	2.180864913515659	2.191707936648432	0.7740274403356118	3.938626135963059	5.50915783164292	2.344559202963765
-0.096	0.9607450589251817	0.9498672987873611	2.180847600807537	2.191725317260184	0.773991552526724	3.938663837437478	5.509193745235736	2.344521559183159
-0.08400000000000001	0.9607624075581653	0.9498497857171119	2.180830251199441	2.191742840634837	0.7739553628031548	3.938701624856713	5.509229957915148	2.34448367045531
-0.07199999999999999	0.9607799112677162	0.9498321795602027	2.180812799603575	2.191760443211701	0.7739188927522362	3.938739757641206	5.509266350907202	2.344445540312333
-0.06	0.9607974754496923	0.9498144332269912	2.180795180945905	2.191778207895382	0.7738823082638282	3.938778113009734	5.509302977531714	2.344407174360258
-0.048	0.960815197939191	0.9497966025014959	2.180777450464086	2.191796070491404	0.7738454526714633	3.938816728614044	5.509339820635814	2.344368518336959
-0.036	0.96083297701012	0.9497786730261881	2.180759648767646	2.191813988102501	0.7738083136043239	3.938855657441232	5.50937698625727	2.344329641927319
-0.024	0.9608509577755969	0.9497605388493304	2.180741705247494	2.191832102995607	0.7737709844026404	3.938894767516754	5.509414291143813	2.344290538182607
-0.012	0.9608689993004493	0.9497423129102467	2.180723632774264	2.1918503029302	0.7737333843520503	3.938934153966677	5.509451887807777	2.344251121828367
0	0.9608872107466486	0.9497240085666919	2.180705446433731	2.191868648543155	0.7736956205096284	3.938973811917746	5.509489706529688	2.344211518270658
0.012	0.9609054878945165	0.9497055875179576	2.180687156044497	2.191887066480973	0.7736575263891143	3.939013748295	5.509527795081192	2.344171548787437
0.024	0.9609239514181884	0.9496869786381155	2.180668725792103	2.191905633362421	0.7736191845185746	3.939053903829556	5.50956609102073	2.344131375873833
0.036	0.9609424855745852	0.9496683188333114	2.180650200595771	2.19192430853344	0.7735806657172352	3.939094422193077	5.509604662712935	2.344090910094187
0.048	0.9609611285169157	0.949649519541138	2.180631503415951	2.191943166329728	0.7735418412226058	3.939135069080689	5.509643493598201	2.344050204006199
0.06	0.9609799045445415	0.9496305669139367	2.180612731758657	2.191962095939751	0.7735027291024896	3.939176080828266	5.509682560797755	2.3440091859716
0.07199999999999999	0.9609988288797788	0.9496114967623069	2.180593833549207	2.191981137389574	0.7734634360851953	3.939217433062895	5.509721898101724	2.343967875684218
0.08400000000000001	0.9610178663235994	0.9495923174786858	2.18057480051414	2.192000304712878	0.7734237754852376	3.939258997039396	5.509761521240755	2.343926331848107
0.096	0.9610370949086124	0.9495728873276852	2.180555667826817	2.192019637940207	0.7733838766187243	3.939300802339023	5.509801293241969	2.34388455354042
0.108	0.9610563593989206	0.9495535213453208	2.180536292089478	2.192039142851089	0.7733438520411509	3.93934292261522	5.509841518021625	2.343842382123649
0.12	0.9610757643201829	0.9495339643125034	2.180516885855591	2.192058702001838	0.7733034592377912	3.939385385662276	5.509881918872917	2.343799958130511
0.132	0.9610953612097701	0.9495142106037132	2.180497340407357	2.192078385596083	0.7732627300187086	3.939428076277534	5.509922535162617	2.343757261848808
0.144	0.9611149778307	0.9494944358660624	2.180477566203271	2.192098328095579	0.7732218636899764	3.939471062104103	5.509963545501934	2.343714190643357
0.156	0.961134880805069	0.9494743379705626	2.180457789077074	2.192118288222439	0.7731805973267087	3.939514400556115	5.510004714057042	2.343670952919739
0.168	0.9611548004037833	0.9494543396512201	2.180437867775073	2.192138347700935	0.7731390612678248	3.939558015575134	5.510046268556095	2.343627335548132
0.18	0.9611749139650092	0.9494339756861041	2.180417690255378	2.192158728843288	0.7730973844836182	3.939601919355112	5.510088045249562	2.343583441885363
0.192	0.9611951714364859	0.9494135719078542	2.180397500398023	2.192179057811206	0.7730551828668415	3.939646125308402	5.510130050114574	2.343539150916296
0.204	0.9612155171726726	0.9493930634036897	2.180377102958542	2.192199674726621	0.7730128815993218	3.939690596936344	5.51017244652374	2.343494573583234
0.216	0.9612360476026551	0.9493723278978796	2.18035662059718	2.192220318502007	0.7729702356677517	3.939735528606603	5.510215066767783	2.343449789494865
0.228	0.9612567149126099	0.949351492128093	2.180335913792951	2.192241173589661	0.7729272873474475	3.939780662122404	5.510258011571485	2.34340460808606
0.24	0.9612775100630663	0.9493305366418292	2.180315125325997	2.192262085211596	0.7728840461347017	3.939826253072895	5.510301380955749	2.343359185075828
0.252	0.9612985073641037	0.9493093572090527	2.180294118344075	2.192283304352119	0.7728404876756717	3.939871925402813	5.510344757661493	2.343313319492801
0.264	0.9613195304597133	0.949288184136317	2.180273086790173	2.192304517380504	0.7727966726196438	3.939918158781933	5.510388685688085	2.343267126322268
0.276	0.9613408408385787	0.9492666572129044	2.180251788181497	2.192326030398361	0.7727525040073828	3.939964552082566	5.5104327898854	2.343220694275291
0.288	0.9613622589541756	0.9492450398734475	2.18023041116667	2.192347569585913	0.7727080525169386	3.940011400912308	5.510477326243633	2.343174004124949
0.3	0.9613838230661531	0.9492233275689048	2.180208752446267	2.1923694068976	0.7726632421319836	3.940058508156123	5.510521998189633	2.343126708520143